00D01
00001
06DD1
0000B
00501
00006
14150
00044
00501
00001
14501
00002
00501
000B0
14501
00013
00501
00048
14501
00014
00501
000FF
14501
00015
10301
00400
0F100
0001F
11201
00401
15000
00DD1
FFFFD
119D1
00002
11FD1
00001
113D1
00000
00501
00001
0C135
0002E
00230
09100
00041
01331
00001
0F100
0001F
00921
00000
103D1
00000
01331
00002
0F100
0001F
00229
103D1
00000
10FD1
00001
109D1
00002
00DD1
00003
09F00
13801
00009
06881
00001
03881
00001
14801
00009
00801
00001
14801
00012
13801
00013
01718
0016F
14701
00013
00701
00001
14701
00012
00881
00001
14801
00013
13801
00014
00881
00001
14801
00014
14001
00005
12000
